1000
1000 851 0.27
999 395 0.31
998 969 0.04
997 610 0.18
996 841 0.29
995 958 0.14
994 186 0.21
993 837 0.22
992 804 0.25
991 598 0.1
990 769 0.02
989 494 0.03
988 102 0.06
987 818 0.23
986 914 0.09
985 257 0.16
984 114 0.1
983 371 0.21
982 279 0.16
981 502 0.07
980 146 0.2
979 244 0.25
978 921 0.18
977 782 0.18
976 432 0.13
975 258 0.49
974 21 0.4
973 765 0.01
972 628 0.37
971 1000 0.27
970 825 0.24
969 450 0.22
968 208 0.12
967 957 0.22
966 454 0.15
965 208 1.0
964 467 0.3
963 215 0.06
962 453 0.16
961 998 0.02
960 563 0.12
959 32 0.11
958 60 0.47
957 985 0.24
956 161 0.33
955 51 0.2
954 20 0.38
953 8 0.11
952 601 0.14
951 629 0.63
950 944 0.17
949 167 0.04
948 998 0.08
947 514 0.21
946 430 0.12
945 778 0.26
944 663 0.09
943 634 0.14
942 379 0.03
941 386 0.03
940 42 0.26
939 139 0.22
938 494 0.22
937 666 0.17
936 479 0.08
935 186 0.32
934 12 0.01
933 572 0.12
932 629 0.36
931 167 0.26
930 411 0.7
929 988 0.28
928 909 0.56
927 114 0.25
926 572 0.79
925 362 0.15
924 125 0.24
923 788 0.22
922 600 0.06
921 466 0.18
920 459 0.13
919 947 0.37
918 501 0.21
917 961 0.0
916 513 0.1
915 990 0.01
914 384 0.06
913 298 0.11
912 877 0.25
911 391 0.1
910 484 0.44
909 576 0.13
908 953 0.07
907 461 0.35
906 449 0.23
905 86 0.28
904 70 0.07
903 635 0.4
902 144 0.21
901 463 0.08
900 252 0.34
899 872 0.57
898 56 0.26
897 450 0.18
896 448 0.11
895 251 0.28
894 278 0.15
893 98 0.21
892 344 0.29
891 527 0.14
890 414 0.06
889 134 0.47
888 368 0.22
887 997 0.08
886 666 0.28
885 168 0.3
884 623 0.2
883 497 0.19
882 920 0.23
881 778 0.92
880 722 1.22
879 739 0.18
878 751 0.37
877 128 0.32
876 703 0.22
875 842 0.38
874 185 0.09
873 336 0.4
872 546 0.24
871 388 0.06
870 143 0.13
869 649 0.16
868 371 0.46
867 897 0.08
866 436 0.28
865 252 0.09
864 369 0.21
863 610 0.16
862 851 0.12
861 797 0.2
860 318 0.23
859 959 0.33
858 235 0.21
857 355 0.07
856 54 0.18
855 811 0.17
854 640 0.78
853 799 0.22
852 287 0.38
851 225 0.23
850 803 0.02
849 307 0.22
848 751 0.1
847 827 0.37
846 722 0.17
845 937 0.3
844 998 0.03
843 696 0.01
842 519 0.54
841 110 0.3
840 18 0.2
839 458 0.36
838 554 0.18
837 795 0.19
836 67 0.4
835 721 0.08
834 848 0.07
833 794 0.13
832 404 0.1
831 376 0.47
830 155 0.16
829 74 0.02
828 680 0.17
827 81 0.25
826 553 0.25
825 511 0.04
824 175 0.01
823 658 0.2
822 280 0.23
821 863 0.11
820 805 0.26
819 499 0.03
818 205 0.09
817 990 0.14
816 148 0.28
815 348 0.03
814 423 0.22
813 139 0.27
812 486 0.14
811 543 0.07
810 361 0.2
809 485 0.05
808 59 0.43
807 520 0.22
806 913 0.2
805 791 0.16
804 677 0.08
803 765 0.01
802 116 0.16
801 129 0.05
800 502 0.03
799 895 0.11
798 541 0.04
797 432 0.12
796 961 0.52
795 714 0.08
794 676 0.35
793 735 0.11
792 554 0.53
791 697 0.03
790 706 0.1
789 883 0.06
788 898 0.18
787 61 0.15
786 835 0.46
785 568 0.21
784 778 0.2
783 660 0.32
782 26 0.29
781 923 0.09
780 482 0.17
779 55 0.41
778 895 0.26
777 143 0.09
776 673 0.14
775 421 0.23
774 98 0.05
773 660 0.09
772 472 0.12
771 685 0.02
770 252 0.04
769 976 0.26
768 922 0.12
767 550 0.27
766 684 0.13
765 194 0.24
764 451 0.45
763 548 0.25
762 147 0.46
761 209 0.16
760 921 0.1
759 777 0.01
758 554 0.52
757 462 0.55
756 7 0.2
755 710 0.18
754 332 0.01
753 610 0.59
752 719 0.18
751 329 0.0
750 636 0.03
749 498 0.24
748 62 0.06
747 505 0.06
746 212 0.09
745 172 0.25
744 289 0.25
743 452 0.0
742 986 0.28
741 945 0.18
740 59 0.21
739 32 0.01
738 859 0.37
737 318 0.18
736 493 0.11
735 123 0.23
734 776 0.25
733 94 0.8
732 269 0.0
731 265 0.08
730 4 0.06
729 976 0.24
728 246 0.24
727 710 0.32
726 196 0.54
725 550 0.27
724 870 0.64
723 80 0.56
722 736 0.29
721 968 0.22
720 254 0.06
719 399 0.26
718 534 0.18
717 914 0.04
716 472 0.11
715 136 0.16
714 636 0.01
713 630 0.21
712 783 0.03
711 105 0.31
710 623 0.27
709 300 0.03
708 130 0.13
707 689 0.42
706 601 0.14
705 667 0.0
704 245 0.29
703 15 0.0
702 305 0.75
701 239 0.11
700 803 0.31
699 173 0.07
698 961 0.25
697 289 0.12
696 175 0.23
695 253 0.16
694 982 0.12
693 617 0.3
692 51 0.47
691 851 0.78
690 595 0.1
689 857 0.05
688 14 0.23
687 180 0.18
686 246 0.54
685 607 0.22
684 579 0.02
683 568 0.03
682 112 0.16
681 324 0.55
680 583 0.35
679 914 0.04
678 465 0.34
677 698 0.08
676 797 0.32
675 909 0.05
674 298 0.22
673 416 0.14
672 339 0.07
671 31 0.54
670 93 0.37
669 939 0.09
668 562 0.1
667 748 0.14
666 203 0.18
665 212 0.15
664 809 0.21
663 909 0.23
662 390 0.01
661 787 0.49
660 561 0.06
659 670 0.76
658 986 0.22
657 947 0.21
656 694 0.21
655 861 0.68
654 129 0.17
653 396 0.1
652 679 0.27
651 354 0.16
650 554 0.06
649 982 0.23
648 464 0.28
647 169 0.01
646 784 1.03
645 506 0.42
644 582 0.76
643 276 0.16
642 153 0.3
641 901 0.15
640 683 0.1
639 135 0.18
638 497 0.11
637 924 0.34
636 771 0.01
635 172 0.01
634 297 0.08
633 750 0.09
632 536 0.49
631 938 0.51
630 473 0.2
629 772 0.05
628 766 0.22
627 953 0.04
626 996 0.04
625 159 0.15
624 316 0.04
623 365 0.2
622 409 0.02
621 200 0.14
620 65 0.17
619 806 0.0
618 699 0.07
617 174 0.15
616 344 0.06
615 393 0.15
614 840 0.18
613 208 0.26
612 189 0.28
611 923 0.21
610 570 0.06
609 220 0.41
608 492 0.19
607 911 0.07
606 735 0.08
605 540 0.27
604 371 0.37
603 114 0.34
602 156 0.18
601 178 0.11
600 185 0.23
599 136 0.13
598 76 0.11
597 10 0.08
596 793 0.27
595 756 0.16
594 586 0.08
593 298 0.5
592 321 0.04
591 69 0.17
590 334 0.08
589 894 0.08
588 736 0.16
587 676 0.08
586 497 0.19
585 356 0.03
584 173 0.56
583 826 0.16
582 613 0.55
581 617 0.07
580 906 0.02
579 586 0.06
578 497 0.2
577 156 0.19
576 397 0.06
575 89 0.45
574 284 0.11
573 855 0.91
572 42 0.03
571 696 0.12
570 444 0.18
569 110 0.2
568 906 0.22
567 54 0.24
566 682 0.49
565 225 0.32
564 256 0.03
563 254 0.44
562 205 0.1
561 589 0.32
560 109 0.09
559 402 0.27
558 697 0.27
557 298 0.0
556 387 0.09
555 287 0.29
554 127 0.18
553 920 0.21
552 561 0.19
551 713 0.67
550 124 0.0
549 113 0.36
548 817 0.11
547 73 0.23
546 934 0.28
545 259 0.45
544 579 0.22
543 158 0.08
542 607 0.01
541 13 0.14
540 653 0.14
539 693 0.53
538 216 0.43
537 757 0.53
536 64 0.33
535 821 0.29
534 639 0.23
533 383 0.31
532 178 0.17
531 530 0.32
530 787 0.02
529 326 0.22
528 230 0.22
527 134 0.21
526 18 0.73
525 397 0.29
524 173 0.28
523 559 0.3
522 292 0.36
521 129 0.14
520 848 0.27
519 96 0.03
518 299 0.36
517 193 0.29
516 932 0.12
515 834 0.47
514 679 0.06
513 123 0.23
512 137 0.14
511 272 0.1
510 596 0.29
509 499 0.5
508 207 0.43
507 276 0.78
506 777 0.07
505 151 0.17
504 215 0.32
503 141 0.32
502 902 0.2
501 709 0.07
500 215 0.21
499 564 0.13
498 129 0.29
497 356 0.09
496 245 0.14
495 833 0.57
494 414 0.02
493 912 0.27
492 225 0.08
491 936 0.82
490 658 0.25
489 586 0.18
488 318 0.02
487 52 0.37
486 445 0.46
485 793 0.12
484 166 0.37
483 306 0.37
482 355 0.04
481 872 0.73
480 256 0.02
479 51 0.15
478 238 0.05
477 614 0.14
476 189 0.18
475 360 0.12
474 173 0.17
473 244 0.16
472 532 0.11
471 956 0.34
470 916 0.12
469 334 0.33
468 637 0.02
467 931 0.21
466 192 0.19
465 606 0.0
464 727 0.18
463 948 0.1
462 651 0.55
461 437 0.33
460 592 0.24
459 18 0.07
458 544 0.06
457 517 0.28
456 364 0.01
455 337 0.16
454 636 0.15
453 805 0.06
452 193 0.12
451 898 0.31
450 155 0.23
449 361 0.06
448 636 0.2
447 774 0.18
446 635 0.12
445 492 0.03
444 966 0.12
443 212 0.38
442 48 0.23
441 690 0.41
440 710 0.12
439 816 0.24
438 142 0.17
437 401 0.02
436 754 0.12
435 255 0.12
434 105 0.19
433 21 0.57
432 277 0.03
431 92 0.24
430 961 0.25
429 611 0.55
428 712 0.45
427 422 0.27
426 418 0.2
425 153 0.06
424 523 0.05
423 242 0.13
422 64 0.02
421 933 0.1
420 543 0.08
419 417 0.5
418 874 0.27
417 74 0.39
416 967 0.13
415 137 0.46
414 530 0.14
413 568 0.37
412 438 0.11
411 318 0.32
410 853 0.14
409 890 0.18
408 524 0.41
407 848 0.19
406 870 0.31
405 445 0.33
404 721 0.19
403 175 0.18
402 470 0.23
401 250 0.12
400 45 0.35
399 824 0.13
398 770 0.51
397 449 0.02
396 284 0.31
395 986 0.08
394 679 0.46
393 76 0.29
392 248 0.48
391 477 0.21
390 443 0.22
389 882 0.24
388 83 0.13
387 848 0.24
386 212 0.0
385 244 0.23
384 716 0.04
383 51 0.34
382 458 0.01
381 395 0.15
380 501 0.34
379 973 0.22
378 514 0.37
377 975 0.14
376 522 0.44
375 885 0.32
374 466 0.37
373 767 0.08
372 770 0.04
371 140 0.06
370 917 0.01
369 1 0.07
368 512 0.06
367 557 0.34
366 666 0.09
365 767 0.27
364 299 0.02
363 35 0.01
362 576 0.08
361 864 0.14
360 835 0.04
359 89 0.03
358 242 0.4
357 823 0.02
356 997 0.02
355 26 0.1
354 936 0.44
353 81 0.05
352 115 0.91
351 339 0.32
350 1 0.37
349 698 0.14
348 697 0.07
347 336 0.44
346 739 0.05
345 34 0.18
344 879 0.17
343 451 0.27
342 927 0.14
341 370 0.21
340 762 0.21
339 160 0.22
338 915 0.36
337 463 0.14
336 415 0.27
335 818 0.23
334 939 0.07
333 512 0.32
332 321 0.23
331 540 0.51
330 570 0.17
329 178 0.0
328 122 0.29
327 431 0.26
326 983 0.07
325 369 0.15
324 66 0.2
323 907 0.04
322 790 0.23
321 497 0.17
320 42 0.34
319 74 0.32
318 679 0.21
317 895 0.35
316 166 0.12
315 312 0.0
314 37 0.18
313 648 0.26
312 189 0.22
311 123 0.14
310 41 0.12
309 281 0.31
308 825 0.08
307 401 0.03
306 428 0.03
305 351 0.8
304 443 0.64
303 647 0.08
302 815 0.39
301 671 0.75
300 134 0.07
299 5 0.12
298 442 0.23
297 361 0.18
296 422 0.01
295 370 0.06
294 174 0.05
293 133 0.02
292 721 0.22
291 665 0.55
290 806 0.2
289 139 0.01
288 520 0.06
287 911 0.06
286 822 0.33
285 254 0.13
284 793 0.23
283 364 0.89
282 861 0.53
281 874 0.31
280 543 0.13
279 906 0.23
278 355 0.21
277 594 0.01
276 938 0.19
275 621 0.04
274 134 0.02
273 817 0.14
272 851 0.01
271 688 0.18
270 32 0.29
269 918 0.26
268 648 0.18
267 54 0.11
266 797 0.13
265 893 0.18
264 921 0.39
263 224 0.06
262 164 0.21
261 816 0.17
260 861 0.05
259 357 0.08
258 662 0.17
257 685 0.27
256 219 0.12
255 205 0.01
254 962 0.34
253 84 0.05
252 993 0.21
251 696 0.01
250 69 0.14
249 205 0.06
248 983 0.11
247 984 0.42
246 271 0.34
245 84 0.31
244 966 0.17
243 194 0.26
242 469 0.08
241 599 0.16
240 384 0.08
239 760 0.24
238 460 0.01
237 946 0.29
236 777 0.23
235 155 0.36
234 54 0.11
233 409 0.29
232 675 0.11
231 391 0.04
230 127 0.33
229 668 0.16
228 883 0.18
227 844 0.36
226 930 0.47
225 542 0.1
224 521 0.07
223 411 0.71
222 255 0.16
221 66 0.17
220 479 0.53
219 67 0.06
218 902 0.05
217 545 0.1
216 962 0.17
215 60 0.21
214 337 0.13
213 647 0.49
212 275 0.03
211 399 1.21
210 587 0.13
209 602 0.07
208 369 0.05
207 149 0.18
206 31 0.21
205 9 0.09
204 500 0.12
203 37 0.19
202 552 0.99
201 821 0.48
200 32 0.2
199 706 0.17
198 287 0.12
197 239 0.06
196 971 0.28
195 361 0.06
194 980 0.06
193 642 0.1
192 636 0.08
191 628 0.09
190 773 0.38
189 420 0.11
188 604 0.32
187 828 0.23
186 911 0.11
185 532 0.23
184 612 0.19
183 437 0.47
182 52 0.21
181 749 0.42
180 998 0.14
179 603 0.37
178 404 0.09
177 584 0.43
176 300 0.21
175 76 0.17
174 311 0.3
173 93 0.04
172 597 0.02
171 465 0.13
170 852 0.42
169 957 0.2
168 708 0.23
167 620 0.15
166 614 0.01
165 464 0.2
164 175 0.41
163 69 0.14
162 896 0.25
161 839 0.08
160 666 0.13
159 130 0.11
158 290 0.25
157 89 0.2
156 267 0.09
155 244 0.05
154 951 0.72
153 404 0.27
152 813 0.2
151 337 0.27
150 787 0.05
149 859 0.31
148 578 0.05
147 465 0.49
146 505 0.14
145 453 0.13
144 922 0.35
143 755 0.21
142 927 0.02
141 98 0.14
140 47 0.07
139 98 0.07
138 536 0.08
137 510 0.07
136 155 0.12
135 80 0.37
134 571 0.2
133 370 0.19
132 494 0.42
131 967 0.11
130 547 0.19
129 439 0.21
128 38 0.05
127 162 0.14
126 876 0.03
125 295 0.04
124 541 0.14
123 89 0.2
122 504 0.33
121 966 0.57
120 997 0.0
119 586 0.11
118 70 0.78
117 261 0.47
116 123 0.14
115 355 0.14
114 409 0.02
113 64 0.17
112 440 0.19
111 291 0.75
110 163 0.35
109 48 0.24
108 617 0.02
107 475 0.02
106 231 0.56
105 265 0.08
104 773 0.4
103 612 0.27
102 438 0.35
101 863 0.85
100 250 0.13
99 442 0.25
98 909 0.24
97 583 0.26
96 535 0.04
95 536 0.25
94 588 0.35
93 991 0.39
92 148 0.03
91 931 0.07
90 827 0.5
89 436 0.12
88 427 0.4
87 4 0.34
86 923 0.07
85 580 0.37
84 568 0.09
83 360 0.08
82 65 0.31
81 756 0.2
80 476 0.37
79 437 0.41
78 993 0.12
77 542 0.21
76 613 0.24
75 638 0.08
74 342 0.25
73 327 0.02
72 668 0.62
71 689 0.02
70 52 0.48
69 716 0.07
68 268 0.24
67 665 0.15
66 599 0.19
65 916 0.19
64 684 0.25
63 645 0.22
62 128 0.38
61 185 0.02
60 942 0.13
59 22 0.02
58 185 0.47
57 192 0.09
56 194 0.25
55 876 0.23
54 84 0.22
53 284 0.29
52 504 0.35
51 116 0.23
50 822 0.2
49 324 0.38
48 292 0.27
47 787 0.17
46 376 0.27
45 6 0.18
44 315 1.29
43 466 0.13
42 872 0.14
41 961 0.01
40 51 0.67
39 91 0.57
38 750 0.08
37 532 0.03
36 262 1.06
35 730 0.3
34 746 0.37
33 346 0.28
32 69 0.09
31 387 0.15
30 738 0.17
29 947 0.99
28 621 0.16
27 710 0.51
26 490 0.25
25 741 0.47
24 128 0.01
23 265 0.13
22 407 0.05
21 517 0.03
20 605 0.4
19 933 0.68
18 475 0.19
17 661 0.53
16 229 0.36
15 669 0.17
14 64 0.07
13 657 0.02
12 983 0.2
11 132 0.21
10 28 0.0
9 840 0.06
8 849 0.05
7 821 0.14
6 432 0.23
5 770 0.07
4 205 0.05
3 503 0.46
2 294 0.02
